{
  "test": "crispr_n_gene_panel",
  "n_proteins": 40,
  "proteins": [
    {
      "accession": "P00533",
      "name": "EGFR",
      "family": "kinase"
    },
    {
      "accession": "P15056",
      "name": "BRAF",
      "family": "kinase"
    },
    {
      "accession": "P24941",
      "name": "CDK2",
      "family": "kinase"
    },
    {
      "accession": "P00519",
      "name": "ABL1",
      "family": "kinase"
    },
    {
      "accession": "P28482",
      "name": "MAPK1",
      "family": "kinase"
    },
    {
      "accession": "P17948",
      "name": "FLT1",
      "family": "kinase"
    },
    {
      "accession": "P36888",
      "name": "FLT3",
      "family": "kinase"
    },
    {
      "accession": "Q00534",
      "name": "CDK6",
      "family": "kinase"
    },
    {
      "accession": "P45984",
      "name": "MAPK9",
      "family": "kinase"
    },
    {
      "accession": "P06213",
      "name": "INSR",
      "family": "kinase"
    },
    {
      "accession": "P14416",
      "name": "DRD2",
      "family": "gpcr"
    },
    {
      "accession": "P07550",
      "name": "ADRB2",
      "family": "gpcr"
    },
    {
      "accession": "P28223",
      "name": "HTR2A",
      "family": "gpcr"
    },
    {
      "accession": "P21554",
      "name": "CNR1",
      "family": "gpcr"
    },
    {
      "accession": "P35372",
      "name": "OPRM1",
      "family": "gpcr"
    },
    {
      "accession": "P34969",
      "name": "HTR7",
      "family": "gpcr"
    },
    {
      "accession": "P30542",
      "name": "ADORA1",
      "family": "gpcr"
    },
    {
      "accession": "P29274",
      "name": "ADORA2A",
      "family": "gpcr"
    },
    {
      "accession": "Q15858",
      "name": "SCN9A",
      "family": "ion_channel"
    },
    {
      "accession": "Q9Y5Y9",
      "name": "SCN10A",
      "family": "ion_channel"
    },
    {
      "accession": "O43526",
      "name": "KCNQ2",
      "family": "ion_channel"
    },
    {
      "accession": "O60353",
      "name": "HCN1",
      "family": "ion_channel"
    },
    {
      "accession": "Q8NER1",
      "name": "TRPV1",
      "family": "ion_channel"
    },
    {
      "accession": "Q9ULD8",
      "name": "KCNQ5",
      "family": "ion_channel"
    },
    {
      "accession": "P35498",
      "name": "SCN1A",
      "family": "ion_channel"
    },
    {
      "accession": "Q14524",
      "name": "SCN5A",
      "family": "ion_channel"
    },
    {
      "accession": "P37231",
      "name": "PPARG",
      "family": "nuclear_receptor"
    },
    {
      "accession": "P19793",
      "name": "RXRA",
      "family": "nuclear_receptor"
    },
    {
      "accession": "P11473",
      "name": "VDR",
      "family": "nuclear_receptor"
    },
    {
      "accession": "P03372",
      "name": "ESR1",
      "family": "nuclear_receptor"
    },
    {
      "accession": "P10275",
      "name": "AR",
      "family": "nuclear_receptor"
    },
    {
      "accession": "P04637",
      "name": "TP53",
      "family": "nuclear_receptor"
    },
    {
      "accession": "Q9NWF9",
      "name": "MDM2",
      "family": "e3_ligase"
    },
    {
      "accession": "P46937",
      "name": "YAP1",
      "family": "e3_ligase"
    },
    {
      "accession": "P10276",
      "name": "RARA",
      "family": "e3_ligase"
    },
    {
      "accession": "Q15637",
      "name": "SF3B1",
      "family": "e3_ligase"
    },
    {
      "accession": "P27361",
      "name": "MAPK3",
      "family": "kinase"
    },
    {
      "accession": "P42336",
      "name": "PIK3CA",
      "family": "lipid_kinase"
    },
    {
      "accession": "P60484",
      "name": "PTEN",
      "family": "phosphatase"
    },
    {
      "accession": "O15111",
      "name": "IKBKA",
      "family": "kinase"
    }
  ],
  "nn_recall": 0.75,
  "knn_k3_accuracy": 0.825,
  "intra_family_cosine_mean": 0.666374921798706,
  "inter_family_cosine_mean": 0.2921769618988037,
  "gap": 0.37419795989990234,
  "similarity_matrix": [
    [
      1.000000238418579,
      0.7590731978416443,
      0.2585628032684326,
      0.755615770816803,
      0.4591882824897766,
      0.8906847834587097,
      0.9332513809204102,
      0.3316461741924286,
      0.4884071350097656,
      0.963153600692749,
      0.24207571148872375,
      0.23497477173805237,
      0.2504097819328308,
      0.203342005610466,
      0.2541491687297821,
      0.24520599842071533,
      0.22636809945106506,
      0.23391452431678772,
      0.43679437041282654,
      0.44090503454208374,
      0.2925688624382019,
      0.6148267388343811,
      0.42669159173965454,
      0.20006884634494781,
      0.4459155797958374,
      0.4315018951892853,
      0.3432025909423828,
      0.38444066047668457,
      0.4127861559391022,
      0.5492287278175354,
      0.4604331851005554,
      0.5227643251419067,
      0.37400031089782715,
      0.5046971440315247,
      0.38546717166900635,
      0.4091816842556,
      0.5319569110870361,
      0.613328218460083,
      0.384736031293869,
      0.5831133127212524
    ],
    [
      0.7590731978416443,
      1.0000001192092896,
      0.27342677116394043,
      0.759716272354126,
      0.45967721939086914,
      0.6898441910743713,
      0.7452050447463989,
      0.34138238430023193,
      0.5189480185508728,
      0.7297425270080566,
      0.25594431161880493,
      0.2544957399368286,
      0.25711968541145325,
      0.2163744866847992,
      0.26469314098358154,
      0.25401952862739563,
      0.23730796575546265,
      0.26064592599868774,
      0.42348337173461914,
      0.43165522813796997,
      0.3274843692779541,
      0.4865054488182068,
      0.4138706624507904,
      0.2914782762527466,
      0.42980828881263733,
      0.42513376474380493,
      0.34220004081726074,
      0.3963744044303894,
      0.41645675897598267,
      0.5456165075302124,
      0.46395087242126465,
      0.4661770462989807,
      0.39863407611846924,
      0.5604584813117981,
      0.37369203567504883,
      0.41759437322616577,
      0.5316824316978455,
      0.666759729385376,
      0.4368636906147003,
      0.6726614236831665
    ],
    [
      0.2585628032684326,
      0.27342677116394043,
      1.0,
      0.23325680196285248,
      0.793014645576477,
      0.19930633902549744,
      0.24457363784313202,
      0.9706576466560364,
      0.48311859369277954,
      0.2246304452419281,
      0.1266113966703415,
      0.12755365669727325,
      0.1205947995185852,
      0.10251404345035553,
      0.10996896028518677,
      0.13193738460540771,
      0.11407285183668137,
      0.13452491164207458,
      0.2106432467699051,
      0.2145145684480667,
      0.1453419178724289,
      0.14456136524677277,
      0.1849699169397354,
      0.16823340952396393,
      0.21305643022060394,
      0.2145863175392151,
      0.2140372395515442,
      0.25086817145347595,
      0.25614696741104126,
      0.2459917962551117,
      0.23711073398590088,
      0.2216823399066925,
      0.20461702346801758,
      0.23152390122413635,
      0.2079542577266693,
      0.21628935635089874,
      0.7101081609725952,
      0.24380137026309967,
      0.25842049717903137,
      0.4252292811870575
    ],
    [
      0.755615770816803,
      0.759716272354126,
      0.23325680196285248,
      1.0,
      0.4151442050933838,
      0.709227442741394,
      0.7507126927375793,
      0.29769590497016907,
      0.42757463455200195,
      0.7398300170898438,
      0.23741374909877777,
      0.22194844484329224,
      0.2234422266483307,
      0.18563039600849152,
      0.22838810086250305,
      0.2203565090894699,
      0.19823017716407776,
      0.23949965834617615,
      0.36942267417907715,
      0.3766133189201355,
      0.3620874583721161,
      0.4633604884147644,
      0.3810531795024872,
      0.3515608012676239,
      0.37287968397140503,
      0.3752734661102295,
      0.2778193950653076,
      0.3172318935394287,
      0.36048921942710876,
      0.5136228203773499,
      0.42093223333358765,
      0.51931232213974,
      0.4575987160205841,
      0.5963441133499146,
      0.3206418454647064,
      0.4181133508682251,
      0.49189484119415283,
      0.6465557813644409,
      0.4193877875804901,
      0.5749821662902832
    ],
    [
      0.4591882824897766,
      0.45967721939086914,
      0.793014645576477,
      0.4151442050933838,
      1.0,
      0.40418580174446106,
      0.4676453173160553,
      0.7982568740844727,
      0.7688979506492615,
      0.4410872459411621,
      0.22137875854969025,
      0.22548863291740417,
      0.21829412877559662,
      0.18463358283042908,
      0.21430858969688416,
      0.22548827528953552,
      0.20541934669017792,
      0.2303193360567093,
      0.30437609553337097,
      0.3101627230644226,
      0.2445337474346161,
      0.26619619131088257,
      0.2655909061431885,
      0.14253494143486023,
      0.3073771595954895,
      0.3098377287387848,
      0.25697609782218933,
      0.30504822731018066,
      0.3211885690689087,
      0.3794777989387512,
      0.34980350732803345,
      0.32417532801628113,
      0.27764421701431274,
      0.372432142496109,
      0.2811891734600067,
      0.28457650542259216,
      0.9768971800804138,
      0.4084412455558777,
      0.3542608618736267,
      0.5428097248077393
    ],
    [
      0.8906847834587097,
      0.6898441910743713,
      0.19930633902549744,
      0.709227442741394,
      0.40418580174446106,
      1.0,
      0.9377554059028625,
      0.27213770151138306,
      0.4511461555957794,
      0.9219412803649902,
      0.27882689237594604,
      0.2735639810562134,
      0.2910545766353607,
      0.24245090782642365,
      0.29574722051620483,
      0.27875974774360657,
      0.272422194480896,
      0.2745179235935211,
      0.45825129747390747,
      0.4639972448348999,
      0.31409376859664917,
      0.6312451958656311,
      0.45516324043273926,
      0.19590958952903748,
      0.4686688780784607,
      0.4544863998889923,
      0.31212684512138367,
      0.3434589207172394,
      0.3807474672794342,
      0.5049246549606323,
      0.42903271317481995,
      0.494331955909729,
      0.34703269600868225,
      0.4822578728199005,
      0.3463474214076996,
      0.3954497277736664,
      0.48048582673072815,
      0.6075398921966553,
      0.3856339752674103,
      0.500754714012146
    ],
    [
      0.9332513809204102,
      0.7452050447463989,
      0.24457363784313202,
      0.7507126927375793,
      0.4676453173160553,
      0.9377554059028625,
      1.000000238418579,
      0.31360384821891785,
      0.5004100203514099,
      0.9601668119430542,
      0.2627115249633789,
      0.2619076371192932,
      0.27571508288383484,
      0.22549551725387573,
      0.28442510962486267,
      0.2660701870918274,
      0.25676947832107544,
      0.26799291372299194,
      0.4526362121105194,
      0.4651285409927368,
      0.33057090640068054,
      0.5962993502616882,
      0.4455711841583252,
      0.20658814907073975,
      0.46247246861457825,
      0.4566075801849365,
      0.33287954330444336,
      0.37811940908432007,
      0.41602975130081177,
      0.5079779624938965,
      0.463501513004303,
      0.476361483335495,
      0.3355425000190735,
      0.5058334469795227,
      0.38327765464782715,
      0.39024925231933594,
      0.5488482713699341,
      0.5924522876739502,
      0.40046054124832153,
      0.5495507717132568
    ],
    [
      0.3316461741924286,
      0.34138238430023193,
      0.9706576466560364,
      0.29769590497016907,
      0.7982568740844727,
      0.27213770151138306,
      0.31360384821891785,
      0.9999997615814209,
      0.5351882576942444,
      0.292392373085022,
      0.15071406960487366,
      0.15087220072746277,
      0.14613574743270874,
      0.1234208345413208,
      0.138167604804039,
      0.15687082707881927,
      0.13724002242088318,
      0.1571330726146698,
      0.2487584501504898,
      0.2537769675254822,
      0.17750929296016693,
      0.19627860188484192,
      0.22596314549446106,
      0.20619189739227295,
      0.2524912655353546,
      0.2538764774799347,
      0.24496443569660187,
      0.28853920102119446,
      0.3041609525680542,
      0.3249126970767975,
      0.2982500493526459,
      0.31199827790260315,
      0.2736671566963196,
      0.30207526683807373,
      0.24991565942764282,
      0.2646796703338623,
      0.7342984676361084,
      0.29528212547302246,
      0.2942214012145996,
      0.4935794472694397
    ],
    [
      0.4884071350097656,
      0.5189480185508728,
      0.48311859369277954,
      0.42757463455200195,
      0.7688979506492615,
      0.4511461555957794,
      0.5004100203514099,
      0.5351882576942444,
      1.000000238418579,
      0.48552772402763367,
      0.25895407795906067,
      0.2701095640659332,
      0.260410875082016,
      0.22048220038414001,
      0.26766449213027954,
      0.25871145725250244,
      0.24547916650772095,
      0.26588064432144165,
      0.33073198795318604,
      0.3359473943710327,
      0.27816513180732727,
      0.2901567816734314,
      0.2907230854034424,
      0.19304430484771729,
      0.3316177725791931,
      0.3371741771697998,
      0.27352261543273926,
      0.32117724418640137,
      0.35887107253074646,
      0.3831149637699127,
      0.39745035767555237,
      0.3834243714809418,
      0.29764118790626526,
      0.44606858491897583,
      0.30847227573394775,
      0.3282824158668518,
      0.8106118440628052,
      0.4207974672317505,
      0.3480852544307709,
      0.604087233543396
    ],
    [
      0.963153600692749,
      0.7297425270080566,
      0.2246304452419281,
      0.7398300170898438,
      0.4410872459411621,
      0.9219412803649902,
      0.9601668119430542,
      0.292392373085022,
      0.48552772402763367,
      0.9999998807907104,
      0.2343885749578476,
      0.23232300579547882,
      0.24358052015304565,
      0.1975565254688263,
      0.2495066225528717,
      0.23860231041908264,
      0.22081387042999268,
      0.2314167618751526,
      0.4501856565475464,
      0.4568324089050293,
      0.3274973928928375,
      0.6449649333953857,
      0.44173663854599,
      0.1891762614250183,
      0.4597446322441101,
      0.4473131000995636,
      0.316054105758667,
      0.35349756479263306,
      0.38464438915252686,
      0.5104901194572449,
      0.437613308429718,
      0.49719446897506714,
      0.328395813703537,
      0.47039878368377686,
      0.3560395836830139,
      0.3760388493537903,
      0.5210443139076233,
      0.6277007460594177,
      0.3827022612094879,
      0.5260002613067627
    ],
    [
      0.24207571148872375,
      0.25594431161880493,
      0.1266113966703415,
      0.23741374909877777,
      0.22137875854969025,
      0.27882689237594604,
      0.2627115249633789,
      0.15071406960487366,
      0.25895407795906067,
      0.2343885749578476,
      0.9999996423721313,
      0.980878472328186,
      0.9836574792861938,
      0.9693166613578796,
      0.9707925915718079,
      0.9845156073570251,
      0.9677624106407166,
      0.9837654829025269,
      0.21648618578910828,
      0.2201615571975708,
      0.21716062724590302,
      0.23331087827682495,
      0.23114201426506042,
      0.16189101338386536,
      0.21619269251823425,
      0.21476007997989655,
      0.1618661880493164,
      0.1727517992258072,
      0.22339555621147156,
      0.1752530038356781,
      0.17971809208393097,
      0.13471506536006927,
      0.14013226330280304,
      0.22107578814029694,
      0.1813882738351822,
      0.17972707748413086,
      0.2483755201101303,
      0.2196604460477829,
      0.18991877138614655,
      0.2065396010875702
    ],
    [
      0.23497477173805237,
      0.2544957399368286,
      0.12755365669727325,
      0.22194844484329224,
      0.22548863291740417,
      0.2735639810562134,
      0.2619076371192932,
      0.15087220072746277,
      0.2701095640659332,
      0.23232300579547882,
      0.980878472328186,
      1.0000001192092896,
      0.9844487905502319,
      0.9567341804504395,
      0.9669508934020996,
      0.9849309325218201,
      0.9601993560791016,
      0.9807971715927124,
      0.21248798072338104,
      0.21819345653057098,
      0.20749102532863617,
      0.23814938962459564,
      0.2245546579360962,
      0.13537946343421936,
      0.21263694763183594,
      0.21285204589366913,
      0.1543598622083664,
      0.1730576753616333,
      0.2181069254875183,
      0.170289546251297,
      0.17347759008407593,
      0.1265612095594406,
      0.11973311007022858,
      0.2167026251554489,
      0.17831948399543762,
      0.17462824285030365,
      0.2545250654220581,
      0.21627679467201233,
      0.19262757897377014,
      0.20855595171451569
    ],
    [
      0.2504097819328308,
      0.25711968541145325,
      0.1205947995185852,
      0.2234422266483307,
      0.21829412877559662,
      0.2910545766353607,
      0.27571508288383484,
      0.14613574743270874,
      0.260410875082016,
      0.24358052015304565,
      0.9836574792861938,
      0.9844487905502319,
      1.0,
      0.9715734720230103,
      0.977934718132019,
      0.981995701789856,
      0.9722563028335571,
      0.9809536337852478,
      0.20801085233688354,
      0.21339353919029236,
      0.1876371204853058,
      0.2501232624053955,
      0.22939908504486084,
      0.1371181756258011,
      0.20869991183280945,
      0.2081284523010254,
      0.1608615517616272,
      0.17429660260677338,
      0.22625859081745148,
      0.1787545084953308,
      0.18103225529193878,
      0.13887670636177063,
      0.12996181845664978,
      0.2158804088830948,
      0.18439459800720215,
      0.1771777868270874,
      0.24526065587997437,
      0.22025367617607117,
      0.19680766761302948,
      0.21218907833099365
    ],
    [
      0.203342005610466,
      0.2163744866847992,
      0.10251404345035553,
      0.18563039600849152,
      0.18463358283042908,
      0.24245090782642365,
      0.22549551725387573,
      0.1234208345413208,
      0.22048220038414001,
      0.1975565254688263,
      0.9693166613578796,
      0.9567341804504395,
      0.9715734720230103,
      1.0,
      0.9561806917190552,
      0.9726488590240479,
      0.9676448702812195,
      0.9686603546142578,
      0.17544759809970856,
      0.17863771319389343,
      0.16580109298229218,
      0.21546021103858948,
      0.20504982769489288,
      0.11919353902339935,
      0.1752839982509613,
      0.17539967596530914,
      0.15420940518379211,
      0.15793369710445404,
      0.203940749168396,
      0.16327592730522156,
      0.15944308042526245,
      0.11832062900066376,
      0.12636972963809967,
      0.1750723272562027,
      0.17092537879943848,
      0.1490667760372162,
      0.20940819382667542,
      0.2022884339094162,
      0.17046606540679932,
      0.18115973472595215
    ],
    [
      0.2541491687297821,
      0.26469314098358154,
      0.10996896028518677,
      0.22838810086250305,
      0.21430858969688416,
      0.29574722051620483,
      0.28442510962486267,
      0.138167604804039,
      0.26766449213027954,
      0.2495066225528717,
      0.9707925915718079,
      0.9669508934020996,
      0.977934718132019,
      0.9561806917190552,
      0.9999998807907104,
      0.963118314743042,
      0.9817094802856445,
      0.9700227975845337,
      0.21359410881996155,
      0.21974417567253113,
      0.18852491676807404,
      0.25307658314704895,
      0.23384243249893188,
      0.14144346117973328,
      0.21537591516971588,
      0.21545951068401337,
      0.1717429757118225,
      0.1916852444410324,
      0.23385164141654968,
      0.18645021319389343,
      0.1862795054912567,
      0.1348145306110382,
      0.12478789687156677,
      0.2205054610967636,
      0.19917814433574677,
      0.1919804811477661,
      0.24493864178657532,
      0.21862834692001343,
      0.17550094425678253,
      0.20717161893844604
    ],
    [
      0.24520599842071533,
      0.25401952862739563,
      0.13193738460540771,
      0.2203565090894699,
      0.22548827528953552,
      0.27875974774360657,
      0.2660701870918274,
      0.15687082707881927,
      0.25871145725250244,
      0.23860231041908264,
      0.9845156073570251,
      0.9849309325218201,
      0.981995701789856,
      0.9726488590240479,
      0.963118314743042,
      0.9999997615814209,
      0.962373673915863,
      0.9825396537780762,
      0.21998625993728638,
      0.2233533263206482,
      0.21358105540275574,
      0.240790456533432,
      0.2365730106830597,
      0.15383341908454895,
      0.2204670011997223,
      0.219049334526062,
      0.16222207248210907,
      0.179487943649292,
      0.22295261919498444,
      0.17958597838878632,
      0.18421593308448792,
      0.13942739367485046,
      0.1428242176771164,
      0.21086615324020386,
      0.18671724200248718,
      0.1646481305360794,
      0.2548886239528656,
      0.22095134854316711,
      0.18176092207431793,
      0.21344201266765594
    ],
    [
      0.22636809945106506,
      0.23730796575546265,
      0.11407285183668137,
      0.19823017716407776,
      0.20541934669017792,
      0.272422194480896,
      0.25676947832107544,
      0.13724002242088318,
      0.24547916650772095,
      0.22081387042999268,
      0.9677624106407166,
      0.9601993560791016,
      0.9722563028335571,
      0.9676448702812195,
      0.9817094802856445,
      0.962373673915863,
      0.9999998807907104,
      0.9734296798706055,
      0.19072303175926208,
      0.19790118932724,
      0.16519758105278015,
      0.22272378206253052,
      0.2169189155101776,
      0.13707847893238068,
      0.19255776703357697,
      0.19470259547233582,
      0.15492942929267883,
      0.16986660659313202,
      0.21488985419273376,
      0.1591099500656128,
      0.16412432491779327,
      0.1097293347120285,
      0.11501340568065643,
      0.20656929910182953,
      0.1749841719865799,
      0.1809135377407074,
      0.23016831278800964,
      0.2041177749633789,
      0.17649412155151367,
      0.18790724873542786
    ],
    [
      0.23391452431678772,
      0.26064592599868774,
      0.13452491164207458,
      0.23949965834617615,
      0.2303193360567093,
      0.2745179235935211,
      0.26799291372299194,
      0.1571330726146698,
      0.26588064432144165,
      0.2314167618751526,
      0.9837654829025269,
      0.9807971715927124,
      0.9809536337852478,
      0.9686603546142578,
      0.9700227975845337,
      0.9825396537780762,
      0.9734296798706055,
      1.0,
      0.21129140257835388,
      0.21908260881900787,
      0.21879035234451294,
      0.22907699644565582,
      0.2323915958404541,
      0.17917579412460327,
      0.21151800453662872,
      0.2168968766927719,
      0.1684754639863968,
      0.18490058183670044,
      0.23518727719783783,
      0.1806466281414032,
      0.19784224033355713,
      0.13558541238307953,
      0.14364275336265564,
      0.23973038792610168,
      0.19209787249565125,
      0.1765190213918686,
      0.26058149337768555,
      0.2269589900970459,
      0.18248024582862854,
      0.21577927470207214
    ],
    [
      0.43679437041282654,
      0.42348337173461914,
      0.2106432467699051,
      0.36942267417907715,
      0.30437609553337097,
      0.45825129747390747,
      0.4526362121105194,
      0.2487584501504898,
      0.33073198795318604,
      0.4501856565475464,
      0.21648618578910828,
      0.21248798072338104,
      0.20801085233688354,
      0.17544759809970856,
      0.21359410881996155,
      0.21998625993728638,
      0.19072303175926208,
      0.21129140257835388,
      1.0000001192092896,
      0.9948312640190125,
      0.650083065032959,
      0.35465288162231445,
      0.919178307056427,
      0.36004742980003357,
      0.9978907108306885,
      0.993243932723999,
      0.21981169283390045,
      0.2680087983608246,
      0.2731824815273285,
      0.318429172039032,
      0.31875959038734436,
      0.2913762629032135,
      0.2191254198551178,
      0.3095265328884125,
      0.2554343342781067,
      0.30761078000068665,
      0.3454781472682953,
      0.39780816435813904,
      0.2724021077156067,
      0.3544654846191406
    ],
    [
      0.44090503454208374,
      0.43165522813796997,
      0.2145145684480667,
      0.3766133189201355,
      0.3101627230644226,
      0.4639972448348999,
      0.4651285409927368,
      0.2537769675254822,
      0.3359473943710327,
      0.4568324089050293,
      0.2201615571975708,
      0.21819345653057098,
      0.21339353919029236,
      0.17863771319389343,
      0.21974417567253113,
      0.2233533263206482,
      0.19790118932724,
      0.21908260881900787,
      0.9948312640190125,
      1.0000001192092896,
      0.6561411023139954,
      0.36242911219596863,
      0.9234110116958618,
      0.3743041455745697,
      0.9951938986778259,
      0.9973901510238647,
      0.2255515605211258,
      0.27652668952941895,
      0.2848062217235565,
      0.31787535548210144,
      0.3263908624649048,
      0.2950212359428406,
      0.22081276774406433,
      0.3332430422306061,
      0.2625965476036072,
      0.30920079350471497,
      0.3528210520744324,
      0.400379478931427,
      0.2792016267776489,
      0.3608337640762329
    ],
    [
      0.2925688624382019,
      0.3274843692779541,
      0.1453419178724289,
      0.3620874583721161,
      0.2445337474346161,
      0.31409376859664917,
      0.33057090640068054,
      0.17750929296016693,
      0.27816513180732727,
      0.3274973928928375,
      0.21716062724590302,
      0.20749102532863617,
      0.1876371204853058,
      0.16580109298229218,
      0.18852491676807404,
      0.21358105540275574,
      0.16519758105278015,
      0.21879035234451294,
      0.650083065032959,
      0.6561411023139954,
      1.0000001192092896,
      0.2579568028450012,
      0.6715433597564697,
      0.4165429472923279,
      0.644454300403595,
      0.6566951274871826,
      0.19939683377742767,
      0.21512572467327118,
      0.22657129168510437,
      0.21034277975559235,
      0.3025197982788086,
      0.24896487593650818,
      0.22259241342544556,
      0.28433549404144287,
      0.210036039352417,
      0.19666621088981628,
      0.29651057720184326,
      0.3468506932258606,
      0.2250073105096817,
      0.2755241394042969
    ],
    [
      0.6148267388343811,
      0.4865054488182068,
      0.14456136524677277,
      0.4633604884147644,
      0.26619619131088257,
      0.6312451958656311,
      0.5962993502616882,
      0.19627860188484192,
      0.2901567816734314,
      0.6449649333953857,
      0.23331087827682495,
      0.23814938962459564,
      0.2501232624053955,
      0.21546021103858948,
      0.25307658314704895,
      0.240790456533432,
      0.22272378206253052,
      0.22907699644565582,
      0.35465288162231445,
      0.36242911219596863,
      0.2579568028450012,
      0.9999998807907104,
      0.3936609923839569,
      0.14005684852600098,
      0.36492079496383667,
      0.35003209114074707,
      0.2415299117565155,
      0.26997190713882446,
      0.2686118483543396,
      0.42381924390792847,
      0.29914602637290955,
      0.37288862466812134,
      0.20267628133296967,
      0.31436488032341003,
      0.26209375262260437,
      0.2779020071029663,
      0.30930042266845703,
      0.5653115510940552,
      0.2922917604446411,
      0.33634278178215027
    ],
    [
      0.42669159173965454,
      0.4138706624507904,
      0.1849699169397354,
      0.3810531795024872,
      0.2655909061431885,
      0.45516324043273926,
      0.4455711841583252,
      0.22596314549446106,
      0.2907230854034424,
      0.44173663854599,
      0.23114201426506042,
      0.2245546579360962,
      0.22939908504486084,
      0.20504982769489288,
      0.23384243249893188,
      0.2365730106830597,
      0.2169189155101776,
      0.2323915958404541,
      0.919178307056427,
      0.9234110116958618,
      0.6715433597564697,
      0.3936609923839569,
      1.0,
      0.4335557520389557,
      0.9194268584251404,
      0.9214255809783936,
      0.24094431102275848,
      0.2709474563598633,
      0.2829529047012329,
      0.31915464997291565,
      0.3166871964931488,
      0.33132103085517883,
      0.2633073329925537,
      0.339618444442749,
      0.2604890465736389,
      0.2723841369152069,
      0.3090885281562805,
      0.4179201126098633,
      0.31706345081329346,
      0.381052702665329
    ],
    [
      0.20006884634494781,
      0.2914782762527466,
      0.16823340952396393,
      0.3515608012676239,
      0.14253494143486023,
      0.19590958952903748,
      0.20658814907073975,
      0.20619189739227295,
      0.19304430484771729,
      0.1891762614250183,
      0.16189101338386536,
      0.13537946343421936,
      0.1371181756258011,
      0.11919353902339935,
      0.14144346117973328,
      0.15383341908454895,
      0.13707847893238068,
      0.17917579412460327,
      0.36004742980003357,
      0.3743041455745697,
      0.4165429472923279,
      0.14005684852600098,
      0.4335557520389557,
      1.0000001192092896,
      0.3675116300582886,
      0.38225728273391724,
      0.1621135026216507,
      0.1889469176530838,
      0.2255505621433258,
      0.15570425987243652,
      0.27477285265922546,
      0.2637561857700348,
      0.31108003854751587,
      0.37267816066741943,
      0.17158520221710205,
      0.15832076966762543,
      0.16997574269771576,
      0.30320093035697937,
      0.2627246677875519,
      0.3399411737918854
    ],
    [
      0.4459155797958374,
      0.42980828881263733,
      0.21305643022060394,
      0.37287968397140503,
      0.3073771595954895,
      0.4686688780784607,
      0.46247246861457825,
      0.2524912655353546,
      0.3316177725791931,
      0.4597446322441101,
      0.21619269251823425,
      0.21263694763183594,
      0.20869991183280945,
      0.1752839982509613,
      0.21537591516971588,
      0.2204670011997223,
      0.19255776703357697,
      0.21151800453662872,
      0.9978907108306885,
      0.9951938986778259,
      0.644454300403595,
      0.36492079496383667,
      0.9194268584251404,
      0.3675116300582886,
      0.9999998807907104,
      0.9932171106338501,
      0.2225458025932312,
      0.27111634612083435,
      0.27642545104026794,
      0.32049861550331116,
      0.31930267810821533,
      0.29558277130126953,
      0.22057929635047913,
      0.3111238479614258,
      0.25716888904571533,
      0.3065221905708313,
      0.3486095368862152,
      0.40738850831985474,
      0.276356965303421,
      0.3586956262588501
    ],
    [
      0.4315018951892853,
      0.42513376474380493,
      0.2145863175392151,
      0.3752734661102295,
      0.3098377287387848,
      0.4544863998889923,
      0.4566075801849365,
      0.2538764774799347,
      0.3371741771697998,
      0.4473131000995636,
      0.21476007997989655,
      0.21285204589366913,
      0.2081284523010254,
      0.17539967596530914,
      0.21545951068401337,
      0.219049334526062,
      0.19470259547233582,
      0.2168968766927719,
      0.993243932723999,
      0.9973901510238647,
      0.6566951274871826,
      0.35003209114074707,
      0.9214255809783936,
      0.38225728273391724,
      0.9932171106338501,
      1.0000001192092896,
      0.21738818287849426,
      0.2689235210418701,
      0.27775904536247253,
      0.3140171468257904,
      0.3278892934322357,
      0.29306092858314514,
      0.22002112865447998,
      0.3324616253376007,
      0.2565643787384033,
      0.3039822578430176,
      0.35256674885749817,
      0.3948136866092682,
      0.27435827255249023,
      0.361089825630188
    ],
    [
      0.3432025909423828,
      0.34220004081726074,
      0.2140372395515442,
      0.2778193950653076,
      0.25697609782218933,
      0.31212684512138367,
      0.33287954330444336,
      0.24496443569660187,
      0.27352261543273926,
      0.316054105758667,
      0.1618661880493164,
      0.1543598622083664,
      0.1608615517616272,
      0.15420940518379211,
      0.1717429757118225,
      0.16222207248210907,
      0.15492942929267883,
      0.1684754639863968,
      0.21981169283390045,
      0.2255515605211258,
      0.19939683377742767,
      0.2415299117565155,
      0.24094431102275848,
      0.1621135026216507,
      0.2225458025932312,
      0.21738818287849426,
      1.0,
      0.9442131519317627,
      0.9232996106147766,
      0.5933014750480652,
      0.8168094754219055,
      0.3655925393104553,
      0.43915829062461853,
      0.3574775755405426,
      0.946184515953064,
      0.31837427616119385,
      0.28260987997055054,
      0.23525214195251465,
      0.23311486840248108,
      0.28353434801101685
    ],
    [
      0.38444066047668457,
      0.3963744044303894,
      0.25086817145347595,
      0.3172318935394287,
      0.30504822731018066,
      0.3434589207172394,
      0.37811940908432007,
      0.28853920102119446,
      0.32117724418640137,
      0.35349756479263306,
      0.1727517992258072,
      0.1730576753616333,
      0.17429660260677338,
      0.15793369710445404,
      0.1916852444410324,
      0.179487943649292,
      0.16986660659313202,
      0.18490058183670044,
      0.2680087983608246,
      0.27652668952941895,
      0.21512572467327118,
      0.26997190713882446,
      0.2709474563598633,
      0.1889469176530838,
      0.27111634612083435,
      0.2689235210418701,
      0.9442131519317627,
      0.9999998807907104,
      0.9203563928604126,
      0.6263505816459656,
      0.8332360982894897,
      0.35933059453964233,
      0.42492860555648804,
      0.411855548620224,
      0.9408354759216309,
      0.384237676858902,
      0.3388308584690094,
      0.24139706790447235,
      0.21866214275360107,
      0.3116368353366852
    ],
    [
      0.4127861559391022,
      0.41645675897598267,
      0.25614696741104126,
      0.36048921942710876,
      0.3211885690689087,
      0.3807474672794342,
      0.41602975130081177,
      0.3041609525680542,
      0.35887107253074646,
      0.38464438915252686,
      0.22339555621147156,
      0.2181069254875183,
      0.22625859081745148,
      0.203940749168396,
      0.23385164141654968,
      0.22295261919498444,
      0.21488985419273376,
      0.23518727719783783,
      0.2731824815273285,
      0.2848062217235565,
      0.22657129168510437,
      0.2686118483543396,
      0.2829529047012329,
      0.2255505621433258,
      0.27642545104026794,
      0.27775904536247253,
      0.9232996106147766,
      0.9203563928604126,
      1.0000001192092896,
      0.6409633159637451,
      0.8373479247093201,
      0.40207672119140625,
      0.4633331298828125,
      0.4459654986858368,
      0.9291073083877563,
      0.3742300868034363,
      0.3591592609882355,
      0.28144508600234985,
      0.26148879528045654,
      0.3430657684803009
    ],
    [
      0.5492287278175354,
      0.5456165075302124,
      0.2459917962551117,
      0.5136228203773499,
      0.3794777989387512,
      0.5049246549606323,
      0.5079779624938965,
      0.3249126970767975,
      0.3831149637699127,
      0.5104901194572449,
      0.1752530038356781,
      0.170289546251297,
      0.1787545084953308,
      0.16327592730522156,
      0.18645021319389343,
      0.17958597838878632,
      0.1591099500656128,
      0.1806466281414032,
      0.318429172039032,
      0.31787535548210144,
      0.21034277975559235,
      0.42381924390792847,
      0.31915464997291565,
      0.15570425987243652,
      0.32049861550331116,
      0.3140171468257904,
      0.5933014750480652,
      0.6263505816459656,
      0.6409633159637451,
      1.0,
      0.7602482438087463,
      0.6449196338653564,
      0.635096549987793,
      0.5302541255950928,
      0.6564964056015015,
      0.4990054666996002,
      0.43501484394073486,
      0.4628017544746399,
      0.28532055020332336,
      0.47091707587242126
    ],
    [
      0.4604331851005554,
      0.46395087242126465,
      0.23711073398590088,
      0.42093223333358765,
      0.34980350732803345,
      0.42903271317481995,
      0.463501513004303,
      0.2982500493526459,
      0.39745035767555237,
      0.437613308429718,
      0.17971809208393097,
      0.17347759008407593,
      0.18103225529193878,
      0.15944308042526245,
      0.1862795054912567,
      0.18421593308448792,
      0.16412432491779327,
      0.19784224033355713,
      0.31875959038734436,
      0.3263908624649048,
      0.3025197982788086,
      0.29914602637290955,
      0.3166871964931488,
      0.27477285265922546,
      0.31930267810821533,
      0.3278892934322357,
      0.8168094754219055,
      0.8332360982894897,
      0.8373479247093201,
      0.7602482438087463,
      1.000000238418579,
      0.5097850561141968,
      0.5543836355209351,
      0.5024644732475281,
      0.8425613045692444,
      0.4324200451374054,
      0.40510472655296326,
      0.33541423082351685,
      0.2409665882587433,
      0.3932577073574066
    ],
    [
      0.5227643251419067,
      0.4661770462989807,
      0.2216823399066925,
      0.51931232213974,
      0.32417532801628113,
      0.494331955909729,
      0.476361483335495,
      0.31199827790260315,
      0.3834243714809418,
      0.49719446897506714,
      0.13471506536006927,
      0.1265612095594406,
      0.13887670636177063,
      0.11832062900066376,
      0.1348145306110382,
      0.13942739367485046,
      0.1097293347120285,
      0.13558541238307953,
      0.2913762629032135,
      0.2950212359428406,
      0.24896487593650818,
      0.37288862466812134,
      0.33132103085517883,
      0.2637561857700348,
      0.29558277130126953,
      0.29306092858314514,
      0.3655925393104553,
      0.35933059453964233,
      0.40207672119140625,
      0.6449196338653564,
      0.5097850561141968,
      1.0,
      0.6470131278038025,
      0.4784542918205261,
      0.39422252774238586,
      0.3230043053627014,
      0.36877167224884033,
      0.47415006160736084,
      0.350328266620636,
      0.5455045700073242
    ],
    [
      0.37400031089782715,
      0.39863407611846924,
      0.20461702346801758,
      0.4575987160205841,
      0.27764421701431274,
      0.34703269600868225,
      0.3355425000190735,
      0.2736671566963196,
      0.29764118790626526,
      0.328395813703537,
      0.14013226330280304,
      0.11973311007022858,
      0.12996181845664978,
      0.12636972963809967,
      0.12478789687156677,
      0.1428242176771164,
      0.11501340568065643,
      0.14364275336265564,
      0.2191254198551178,
      0.22081276774406433,
      0.22259241342544556,
      0.20267628133296967,
      0.2633073329925537,
      0.31108003854751587,
      0.22057929635047913,
      0.22002112865447998,
      0.43915829062461853,
      0.42492860555648804,
      0.4633331298828125,
      0.635096549987793,
      0.5543836355209351,
      0.6470131278038025,
      0.9999999403953552,
      0.503083348274231,
      0.4514995515346527,
      0.33522289991378784,
      0.31304484605789185,
      0.3392886221408844,
      0.301332026720047,
      0.44621968269348145
    ],
    [
      0.5046971440315247,
      0.5604584813117981,
      0.23152390122413635,
      0.5963441133499146,
      0.372432142496109,
      0.4822578728199005,
      0.5058334469795227,
      0.30207526683807373,
      0.44606858491897583,
      0.47039878368377686,
      0.22107578814029694,
      0.2167026251554489,
      0.2158804088830948,
      0.1750723272562027,
      0.2205054610967636,
      0.21086615324020386,
      0.20656929910182953,
      0.23973038792610168,
      0.3095265328884125,
      0.3332430422306061,
      0.28433549404144287,
      0.31436488032341003,
      0.339618444442749,
      0.37267816066741943,
      0.3111238479614258,
      0.3324616253376007,
      0.3574775755405426,
      0.411855548620224,
      0.4459654986858368,
      0.5302541255950928,
      0.5024644732475281,
      0.4784542918205261,
      0.503083348274231,
      1.0,
      0.4029466509819031,
      0.5178312063217163,
      0.43644052743911743,
